tiempo:	4:33:58.473000
cpu:	20.7
mejor:	score=-9126.750000, birth=0, hash=158457527 [  5.37199052   5.47020675  19.94972043   1.64545783   1.84810175]
