tiempo:	5:25:57.511000
cpu:	38.7
mejor:	score=185538000.000000, birth=51, hash=322828930 [  5.61265373   3.67306578  40.29940518   0.80085586   3.61880565]
