tiempo:	11:00:20.151000
cpu:	14.8
mejor:	score=-9157.610000, birth=0, hash=2146049962 [  0.10645852   4.41240798  11.39900541   1.11255629   2.98230867]
