tiempo:	3:53:24.800000
cpu:	22.1
mejor:	score=-9133.050000, birth=36, hash=-522701867 [  1.44483411   5.66772624  10.75928021   4.507814     5.02327051]
